
Resp charges for organic molecule                                               

iqopt   irstrnt  ihfree     qwt
  2      1      1        0.001000

 rel.rms   dipole mom       Qxx      Qyy      Qzz
    0.01733   7.36975  67.28220  30.84922 -98.13142

          Point charges before & after optimization
    NO   At.No.    q0           q(opt)   IVARY  d(rstr)/dq 
     1     6  -0.244304      -0.244304  -99    0.003788
     2     6  -0.206511      -0.206511  -99    0.004358
     3     6   0.078831       0.078831  -99    0.007853
     4     6  -0.202312      -0.202312  -99    0.004431
     5     6   0.302927       0.302927  -99    0.003135
     6     6  -0.008996      -0.035951    0    0.009410
     7     6  -0.092156      -0.127874    0    0.006160
     8     6   0.284328       0.284328  -99    0.003318
     9     8  -0.349720      -0.349720  -99    0.002749
    10     6  -0.016771      -0.007323    0    0.009973
    11     6  -0.325332      -0.325332  -99    0.002938
    12     7   0.093415       0.093415  -99    0.007308
    13     6   0.024255       0.024255  -99    0.009718
    14     6  -0.126766      -0.126766  -99    0.006193
    15     6   0.259894       0.259894  -99    0.003591
    16     8  -0.362741      -0.362741  -99    0.002658
    17     6   0.316763       0.317457    0    0.003004
    18     8  -0.389195      -0.389195  -99    0.002489
    19     6  -0.263185      -0.263185  -99    0.003552
    20     6   0.123472       0.123472  -99    0.006294
    21     6   0.242587       0.242587  -99    0.003811
    22     6  -0.203768      -0.203768  -99    0.004406
    23     6   0.206953       0.206953  -99    0.004351
    24     8  -0.357094      -0.357094  -99    0.002697
    25     6  -0.007325       0.003498    0    0.009994
    26     1   0.193268       0.193268  -99    0.000000
    27     1   0.189310       0.189310  -99    0.000000
    28     1   0.058350       0.080898    0    0.000000
    29     1   0.082959       0.080898   28    0.000000
    30     1   0.118745       0.132968    0    0.000000
    31     1   0.112202       0.132968   30    0.000000
    32     1   0.084261       0.089049    0    0.000000
    33     1   0.099969       0.089049   32    0.000000
    34     1   0.088080       0.089049   32    0.000000
    35     1   0.178323       0.178323  -99    0.000000
    36     1   0.185904       0.185904  -99    0.000000
    37     1   0.083884       0.091625    0    0.000000
    38     1   0.099677       0.091625   37    0.000000
    39     1   0.220909       0.220909  -99    0.000000
    40     1   0.168073       0.168073  -99    0.000000
    41     1   0.097112       0.083514    0    0.000000
    42     1   0.081341       0.083514   41    0.000000
    43     1   0.080379       0.083514   41    0.000000

        Statistics of the fitting:
  The initial sum of squares (ssvpot)                     96.384
  The residual sum of squares (chipot)                     0.029
  The std err of estimate (sqrt(chipot/N))               0.00165
  ESP relative RMS (SQRT(chipot/ssvpot))                 0.01733

 Dipole Moment (Debye)=   7.36975
