
Resp charges for organic molecule                                               

iqopt   irstrnt  ihfree     qwt
  2      1      1        0.001000

 rel.rms   dipole mom       Qxx      Qyy      Qzz
    0.00358   0.05282 525.20242 541.51815**********

          Point charges before & after optimization
    NO   At.No.    q0           q(opt)   IVARY  d(rstr)/dq 
     1     6  -0.035380      -0.035380  -99    0.009427
     2     6  -0.210031      -0.210031  -99    0.004299
     3     6   0.246385       0.246385  -99    0.003761
     4     6  -0.180697      -0.180697  -99    0.004842
     5     6  -0.035380      -0.035380  -99    0.009427
     6     6  -0.360912      -0.361615    0    0.002665
     7     6  -0.210031      -0.210031  -99    0.004299
     8     6   0.177576       0.177576  -99    0.004907
     9     6   0.177576       0.177576  -99    0.004907
    10     6  -0.180697      -0.180697  -99    0.004842
    11     7   0.240766       0.240766  -99    0.003836
    12     7  -0.137598      -0.137598  -99    0.005879
    13     7  -0.442690      -0.442690  -99    0.002203
    14     7  -0.137598      -0.137598  -99    0.005879
    15     7  -0.442690      -0.442690  -99    0.002203
    16     6  -0.187814      -0.187814  -99    0.004700
    17     6   0.297553       0.297553  -99    0.003186
    18     6  -0.035380      -0.035380  -99    0.009427
    19     6  -0.250098      -0.250098  -99    0.003713
    20     6   0.246385       0.246385  -99    0.003761
    21     6  -0.180697      -0.180697  -99    0.004842
    22     6  -0.035380      -0.035380  -99    0.009427
    23     6  -0.357167      -0.361615    6    0.002665
    24     6  -0.250098      -0.250098  -99    0.003713
    25     6   0.297553       0.297553  -99    0.003186
    26     6  -0.180697      -0.180697  -99    0.004842
    27     7   0.240766       0.240766  -99    0.003836
    28     6  -0.187814      -0.187814  -99    0.004700
    29     6   0.177576       0.177576  -99    0.004907
    30     6  -0.035380      -0.035380  -99    0.009427
    31     6  -0.210031      -0.210031  -99    0.004299
    32     6   0.246385       0.246385  -99    0.003761
    33     6  -0.180697      -0.180697  -99    0.004842
    34     6  -0.035380      -0.035380  -99    0.009427
    35     6  -0.369076      -0.361615    6    0.002665
    36     6  -0.210031      -0.210031  -99    0.004299
    37     6   0.177576       0.177576  -99    0.004907
    38     6  -0.180697      -0.180697  -99    0.004842
    39     7   0.240766       0.240766  -99    0.003836
    40     6  -0.187814      -0.187814  -99    0.004700
    41     6   0.297553       0.297553  -99    0.003186
    42     6  -0.035380      -0.035380  -99    0.009427
    43     6  -0.250098      -0.250098  -99    0.003713
    44     6   0.246385       0.246385  -99    0.003761
    45     6  -0.180697      -0.180697  -99    0.004842
    46     6  -0.035380      -0.035380  -99    0.009427
    47     6  -0.363870      -0.361615    6    0.002665
    48     6  -0.250098      -0.250098  -99    0.003713
    49     6   0.297553       0.297553  -99    0.003186
    50     6  -0.180697      -0.180697  -99    0.004842
    51     6  -0.187814      -0.187814  -99    0.004700
    52     7   0.240766       0.240766  -99    0.003836
    53     1   0.203830       0.203830  -99    0.000000
    54     1   0.191829       0.191829  -99    0.000000
    55     1   0.187052       0.187052  -99    0.000000
    56     1   0.203830       0.203830  -99    0.000000
    57     1   0.177984       0.176463    0    0.000000
    58     1   0.175192       0.176463   57    0.000000
    59     1   0.175705       0.176463   57    0.000000
    60     1   0.191829       0.191829  -99    0.000000
    61     1   0.187052       0.187052  -99    0.000000
    62     1   0.167757       0.167757  -99    0.000000
    63     1   0.167757       0.167757  -99    0.000000
    64     1   0.203830       0.203830  -99    0.000000
    65     1   0.182715       0.182715  -99    0.000000
    66     1   0.187052       0.187052  -99    0.000000
    67     1   0.203830       0.203830  -99    0.000000
    68     1   0.177046       0.176463   57    0.000000
    69     1   0.174776       0.176463   57    0.000000
    70     1   0.174169       0.176463   57    0.000000
    71     1   0.182715       0.182715  -99    0.000000
    72     1   0.187052       0.187052  -99    0.000000
    73     1   0.203830       0.203830  -99    0.000000
    74     1   0.191829       0.191829  -99    0.000000
    75     1   0.187052       0.187052  -99    0.000000
    76     1   0.203830       0.203830  -99    0.000000
    77     1   0.180492       0.176463   57    0.000000
    78     1   0.177165       0.176463   57    0.000000
    79     1   0.177940       0.176463   57    0.000000
    80     1   0.191829       0.191829  -99    0.000000
    81     1   0.187052       0.187052  -99    0.000000
    82     1   0.203830       0.203830  -99    0.000000
    83     1   0.182715       0.182715  -99    0.000000
    84     1   0.187052       0.187052  -99    0.000000
    85     1   0.203830       0.203830  -99    0.000000
    86     1   0.178933       0.176463   57    0.000000
    87     1   0.175978       0.176463   57    0.000000
    88     1   0.176748       0.176463   57    0.000000
    89     1   0.182715       0.182715  -99    0.000000
    90     1   0.187052       0.187052  -99    0.000000

        Statistics of the fitting:
  The initial sum of squares (ssvpot)                   1463.609
  The residual sum of squares (chipot)                     0.019
  The std err of estimate (sqrt(chipot/N))               0.00097
  ESP relative RMS (SQRT(chipot/ssvpot))                 0.00358

 Dipole Moment (Debye)=   0.05282
