 -0.035380 -0.210031  0.246385 -0.180697 -0.035380 -0.360912 -0.210031  0.177576
  0.177576 -0.180697  0.240766 -0.137598 -0.442690 -0.137598 -0.442690 -0.187814
  0.297553 -0.035380 -0.250098  0.246385 -0.180697 -0.035380 -0.357167 -0.250098
  0.297553 -0.180697  0.240766 -0.187814  0.177576 -0.035380 -0.210031  0.246385
 -0.180697 -0.035380 -0.369076 -0.210031  0.177576 -0.180697  0.240766 -0.187814
  0.297553 -0.035380 -0.250098  0.246385 -0.180697 -0.035380 -0.363870 -0.250098
  0.297553 -0.180697 -0.187814  0.240766  0.203830  0.191829  0.187052  0.203830
  0.177984  0.175192  0.175705  0.191829  0.187052  0.167757  0.167757  0.203830
  0.182715  0.187052  0.203830  0.177046  0.174776  0.174169  0.182715  0.187052
  0.203830  0.191829  0.187052  0.203830  0.180492  0.177165  0.177940  0.191829
  0.187052  0.203830  0.182715  0.187052  0.203830  0.178933  0.175978  0.176748
  0.182715  0.187052
