Resp charges for organic molecule

 &cntrl

 nmol = 1,
 ihfree = 1,
 ioutopt = 1,
 qwt = 0.00050,

 &end
    1.0
Resp charges for organic molecule
    4   90
    6    0
    6    0
    6    0
    6    0
    6    1
    6    0
    6    2
    6    0
    6    8
    6    4
    7    0
    7    0
    7    0
    7   12
    7   13
    6    0
    6    0
    6    1
    6    0
    6    3
    6    4
    6    1
    6    0
    6   19
    6   17
    6    4
    7   11
    6   16
    6    8
    6    1
    6    2
    6    3
    6    4
    6    1
    6    0
    6    2
    6    8
    6    4
    7   11
    6   16
    6   17
    6    1
    6   19
    6    3
    6    4
    6    1
    6    0
    6   19
    6   17
    6    4
    6   16
    7   11
    1    0
    1    0
    1    0
    1   53
    1    0
    1    0
    1    0
    1   54
    1   55
    1    0
    1   62
    1   53
    1    0
    1   55
    1   53
    1    0
    1    0
    1    0
    1   65
    1   55
    1   53
    1   54
    1   55
    1   53
    1    0
    1    0
    1    0
    1   54
    1   55
    1   53
    1   65
    1   55
    1   53
    1    0
    1    0
    1    0
    1   65
    1   55

