 -0.035380 -0.210031  0.246385 -0.180697 -0.035380 -0.361615 -0.210031  0.177576
  0.177576 -0.180697  0.240766 -0.137598 -0.442690 -0.137598 -0.442690 -0.187814
  0.297553 -0.035380 -0.250098  0.246385 -0.180697 -0.035380 -0.361615 -0.250098
  0.297553 -0.180697  0.240766 -0.187814  0.177576 -0.035380 -0.210031  0.246385
 -0.180697 -0.035380 -0.361615 -0.210031  0.177576 -0.180697  0.240766 -0.187814
  0.297553 -0.035380 -0.250098  0.246385 -0.180697 -0.035380 -0.361615 -0.250098
  0.297553 -0.180697 -0.187814  0.240766  0.203830  0.191829  0.187052  0.203830
  0.176463  0.176463  0.176463  0.191829  0.187052  0.167757  0.167757  0.203830
  0.182715  0.187052  0.203830  0.176463  0.176463  0.176463  0.182715  0.187052
  0.203830  0.191829  0.187052  0.203830  0.176463  0.176463  0.176463  0.191829
  0.187052  0.203830  0.182715  0.187052  0.203830  0.176463  0.176463  0.176463
  0.182715  0.187052
